1000000001	56	0	0	55	0	0	1
1000000002	33	0	0	48	0	0	1
1000000003	56	0	1	48	0	0	1
1000000004	29	0	0	48	0	0	1
1000000005	28	1	1	47	0	0	1
1000000006	54	1	1	47	0	0	1
1000000007	25	0	1	47	0	0	1
1000000008	28	0	0	45	0	0	1
1000000009	37	0	0	42	0	0	1
1000000010	60	1	1	42	0	0	1
1000000011	58	1	0	41	0	0	1
1000000012	28	0	0	40	0	0	1
1000000013	82	0	1	31	0	0	1
1000000014	68	1	1	31	0	0	1
1000000015	77	0	0	28	0	1	0
1000000016	75	0	1	28	0	0	1
1000000017	76	0	1	27	0	0	1
1000000018	20	0	0	27	0	1	0
1000000019	79	1	1	27	0	0	1
1000000020	76	1	1	27	0	1	0
1000000021	84	0	1	27	0	0	1
1000000022	35	0	0	26	0	1	0
1000000023	59	0	0	26	0	1	0
1000000024	40	0	0	25	0	0	1
1000000025	62	0	1	25	0	1	0
1000000026	34	0	0	25	0	0	1
1000000027	52	0	0	24	0	0	1
1000000028	70	1	0	24	0	0	1
1000000029	25	1	1	21	0	0	1
1000000030	66	0	0	24	0	0	1
1000000031	55	0	0	25	0	0	1
1000000032	58	0	0	24	0	1	0
1000000033	50	1	1	23	0	0	1
1000000034	20	0	1	23	0	0	1
1000000035	36	0	0	22	0	1	0
1000000036	57	1	0	22	0	1	0
1000000037	44	1	1	22	0	0	1
1000000038	67	0	0	22	0	1	0
1000000039	75	1	0	22	0	0	1
1000000040	60	1	1	22	0	0	1
1000000041	52	0	0	22	0	0	1
1000000042	43	0	0	21	0	1	0
1000000043	25	1	0	21	0	0	1
1000000044	62	0	0	21	0	1	0
1000000045	41	0	1	21	0	0	1
1000000046	21	1	1	21	0	0	1
1000000047	27	0	0	21	0	0	1
1000000048	25	1	0	21	0	0	1
1000000049	64	0	0	21	0	1	0
1000000050	26	0	0	20	0	1	0
1000000051	28	1	0	20	0	0	1
1000000052	36	0	0	20	0	0	1
1000000053	47	1	1	20	0	0	1
1000000054	83	1	0	20	0	1	0
1000000055	27	1	0	20	0	0	1
1000000056	58	0	0	20	0	0	1
1000000057	74	1	0	20	0	0	1
1000000058	30	1	0	20	0	1	0
1000000059	66	1	1	19	0	1	0
1000000060	85	0	1	19	0	1	0
1000000061	65	0	1	19	0	0	1
1000000062	47	0	1	19	0	1	0
1000000063	35	0	0	18	0	0	1
1000000064	35	1	1	18	0	0	1
1000000065	33	0	1	18	0	0	1
1000000066	34	0	0	18	0	0	1
1000000067	21	1	1	18	0	0	1
1000000068	28	1	0	18	0	1	0
1000000069	46	0	0	20	0	0	1
1000000070	45	1	0	20	0	1	0
1000000071	30	1	0	21	0	0	1
1000000072	41	1	0	20	0	0	1
1000000073	45	0	0	20	0	1	0
1000000074	53	0	0	20	0	0	1
1000000075	38	0	0	20	0	1	0
1000000076	43	0	0	20	0	0	1
1000000077	29	1	0	19	0	1	0
1000000078	46	0	1	22	0	1	0
1000000079	17	1	0	19	0	0	1
1000000080	24	1	0	18	0	1	0
1000000081	32	1	0	18	0	1	0
1000000082	69	0	0	18	0	0	1
1000000083	27	1	0	17	0	1	0
1000000084	23	1	0	20	0	1	0
1000000085	32	1	0	20	0	0	1
1000000086	35	1	0	17	0	1	0
1000000087	15	0	0	19	0	1	0
1000000088	45	0	0	17	0	1	0
1000000089	50	0	0	17	0	1	0
1000000090	51	0	0	17	0	1	0
1000000091	48	0	0	18	0	1	0
1000000092	20	0	0	16	0	1	0
1000000093	51	1	0	16	0	1	0
1000000094	51	1	0	16	0	1	0
1000000095	21	1	0	16	0	1	0
1000000096	38	0	0	16	0	1	0
1000000097	35	0	0	17	0	1	0
1000000098	54	0	0	16	0	1	0
1000000099	24	1	0	17	0	1	0
1000000100	35	0	0	14	0	1	0
1000000101	15	1	0	14	0	1	0
1000000102	49	1	0	14	0	1	0
1000000103	23	0	0	14	0	1	0
1000000104	17	1	0	13	0	1	0
1000000105	34	0	0	13	0	1	0
1000000106	34	0	0	12	0	1	0
1000000107	35	0	0	12	0	1	0
1000000108	41	0	0	12	0	1	0
1000000109	91	0	0	11	0	1	0
1000000110	56	0	0	11	0	0	1
1000000111	36	0	0	14	0	1	0
1000000112	7	1	0	11	0	0	1
1000000113	64	1	1	12	0	1	0
1000000114	24	1	1	11	0	1	0
1000000115	51	1	0	12	0	1	0
1000000116	33	0	0	11	0	1	0
1000000117	65	0	1	11	0	1	0
1000000118	54	0	1	11	0	1	0
1000000119	65	0	1	12	0	1	0
1000000120	39	0	0	12	0	1	0
1000000121	0	1	1	10	0	1	0
1000000122	25	1	0	10	0	1	0
1000000123	79	1	0	10	0	1	0
1000000124	27	0	0	10	0	1	0
1000000125	56	1	0	10	0	1	0
1000000126	38	1	1	10	0	1	0
1000000127	51	0	1	10	0	1	0
1000000128	69	0	1	10	0	1	0
1000000129	68	1	1	10	0	1	0
1000000130	27	0	1	10	0	1	0
1000000131	51	1	0	9	0	1	0
1000000132	57	0	0	9	0	1	0
1000000133	43	1	0	9	0	1	0
1000000134	29	1	1	9	0	1	0
1000000135	31	0	0	9	0	1	0
1000000136	50	1	0	9	0	1	0
1000000137	51	1	0	9	0	1	0
1000000138	33	0	0	9	0	1	0
1000000139	30	0	0	9	0	1	0
1000000140	42	1	0	9	0	1	0
1000000141	58	1	0	9	0	1	0
1000000142	48	1	0	9	0	1	0
1000000143	43	0	0	9	0	1	0
1000000144	49	1	0	9	0	1	0
1000000145	45	0	0	9	0	1	0
1000000146	51	1	0	9	0	1	0
1000000147	22	0	0	9	0	1	0
1000000148	55	0	0	9	0	1	0
1000000149	53	1	0	9	0	1	0
1000000150	60	1	0	9	0	1	0
1000000151	49	1	0	9	0	1	0
1000000152	46	1	0	9	0	1	0
1000000153	50	1	0	9	0	1	0
1000000154	51	1	0	9	0	1	0
1000000155	54	1	0	9	0	1	0
1000000156	35	1	0	9	0	1	0
1000000157	40	1	0	8	0	1	0
1000000158	48	1	0	8	0	1	0
1000000159	44	1	0	8	0	1	0
1000000160	60	1	0	8	0	1	0
1000000161	53	1	0	8	0	1	0
1000000162	54	1	0	8	0	1	0
1000000163	48	1	0	8	0	1	0
1000000164	61	1	1	8	0	1	0
1000000165	49	1	0	8	0	1	0
1000000166	41	1	0	8	0	1	0
1000000167	40	1	0	8	0	1	0
1000000168	43	1	0	8	0	1	0
1000000169	49	1	0	8	0	1	0
1000000170	52	1	0	8	0	1	0
1000000171	48	1	0	8	0	1	0
1000000172	55	1	0	8	0	1	0
1000000173	58	1	0	8	0	1	0
1000000174	27	0	1	8	0	1	0
1000000175	28	1	0	8	0	1	0
1000000176	45	1	0	8	0	1	0
1000000177	41	0	0	8	0	1	0
1000000178	25	1	1	8	0	1	0
1000000179	50	0	0	8	0	1	0
1000000180	48	1	0	8	0	1	0
1000000181	38	1	0	8	0	1	0
1000000182	53	1	0	8	0	1	0
1000000183	53	1	0	8	0	1	0
1000000184	38	0	0	8	0	1	0
1000000185	38	1	0	8	0	1	0
1000000186	50	1	0	8	0	1	0
1000000187	52	1	0	8	0	1	0
1000000188	26	1	1	8	0	0	1
1000000189	28	0	1	8	0	1	0
1000000190	52	1	0	8	0	1	0
1000000191	30	1	1	8	0	1	0
1000000192	24	1	0	8	0	1	0
1000000193	29	0	0	8	0	1	0
1000000194	46	0	0	8	0	1	0
1000000195	39	1	0	8	0	1	0
1000000196	66	1	0	8	0	1	0
1000000197	67	0	0	8	0	1	0
1000000198	52	1	0	8	0	1	0
1000000199	40	1	0	8	0	1	0
1000000200	52	1	0	8	0	1	0
1000000201	31	0	0	8	0	1	0
1000000202	61	0	0	8	0	1	0
1000000203	21	0	0	7	0	1	0
1000000204	53	0	0	7	0	1	0
1000000205	26	1	0	7	0	1	0
1000000206	20	1	0	7	0	1	0
1000000207	71	1	0	7	0	1	0
1000000208	47	0	0	7	0	1	0
1000000209	79	0	0	7	0	1	0
1000000210	54	0	0	7	0	1	0
1000000211	20	0	0	7	0	1	0
1000000212	22	1	0	7	0	1	0
1000000213	26	1	0	7	0	1	0
1000000214	51	1	0	7	0	1	0
1000000215	69	1	0	7	0	1	0
1000000216	33	0	0	7	0	1	0
1000000217	28	0	0	7	0	1	0
1000000218	46	0	0	7	0	1	0
1000000219	36	1	0	7	0	1	0
1000000220	51	0	0	7	0	1	0
1000000221	13	0	1	6	0	1	0
1000000222	56	0	0	6	0	1	0
1000000223	29	1	0	6	0	1	0
1000000224	16	0	1	6	0	1	0
1000000225	22	0	1	6	0	1	0
1000000226	29	0	0	6	0	1	0
1000000227	38	0	0	6	0	1	0
1000000228	62	1	0	6	0	1	0
1000000229	36	0	0	6	0	1	0
1000000230	28	0	0	6	0	1	0
1000000231	57	1	0	6	0	1	0
1000000232	22	0	1	5	0	1	0
1000000233	29	1	1	5	0	1	0
1000000234	26	1	0	5	0	1	0
1000000235	52	0	0	5	0	1	0
1000000236	29	0	0	5	0	1	0
1000000237	22	1	0	5	0	1	0
1000000238	79	1	0	5	0	1	0
1000000239	26	0	0	5	0	1	0
1000000240	54	0	0	5	0	1	0
1000000241	67	1	0	4	0	1	0
1000000242	25	0	1	4	0	1	0
1000000243	48	1	0	4	0	1	0
1000000244	61	1	0	4	0	1	0
1000000245	39	0	0	4	0	1	0
1000000246	53	0	0	4	0	1	0
1000000247	51	0	0	4	0	1	0
1000000248	51	1	0	4	0	1	0
1000000249	28	1	0	3	0	1	0
1000000250	19	1	1	3	0	1	0
1000000251	8	0	0	3	0	1	0
1000000252	38	0	0	3	0	1	0
1000000253	53	0	0	3	0	1	0
1000000254	81	1	0	3	0	1	0
1000000255	48	1	0	2	0	1	0
1000000256	24	1	0	2	0	1	0
1000000257	34	0	0	2	0	1	0
1000000258	27	0	0	2	0	1	0
1000000259	25	0	0	2	0	1	0
1000000260	21	0	0	2	0	1	0
1000000261	42	0	0	2	0	1	0
1000000262	40	1	0	2	0	1	0
1000000263	19	0	1	2	0	1	0
1000000264	42	0	0	2	0	1	0
1000000265	34	0	0	2	0	1	0
1000000266	26	0	0	2	0	1	0
1000000267	53	1	0	2	0	1	0
1000000268	14	0	0	1	0	1	0
1000000269	21	1	0	1	0	1	0
1000000270	23	1	0	1	0	1	0
1000000271	26	0	0	1	0	1	0
1000000272	45	0	0	0	0	1	0
1000000273	47	1	0	0	0	1	0
1000000274	57	1	0	0	0	1	0
1000000275	38	1	0	0	0	1	0
1000000276	8	0	0	0	0	1	0
1000000277	36	0	0	0	0	1	0
1000000278	26	1	0	0	0	1	0
1000000279	91	0	0	0	0	1	0
1000000280	43	0	0	0	0	1	0
1000000281	38	1	0	0	0	1	0
1000000282	35	0	0	0	0	1	0
1100000001	19	0	0	26	0	1	0
1100000002	57	1	0	26	0	1	0
1100000003	20	1	0	25	0	0	1
1100000004	22	1	0	25	0	0	1
1100000005	25	1	0	25	0	0	1
1100000006	82	1	0	25	0	1	0
1100000007	26	0	0	25	0	1	0
1100000008	21	0	0	25	0	0	1
1100000009	21	0	0	25	0	0	1
1100000010	46	0	0	25	0	1	0
1100000011	26	1	0	25	0	1	0
1100000012	56	1	0	25	0	1	0
1100000013	25	0	0	25	0	0	1
1100000014	32	0	0	25	0	1	0
1100000015	19	0	0	25	0	1	0
1100000016	33	0	0	25	0	1	0
1100000017	42	0	0	24	0	0	1
1100000018	25	0	1	24	0	1	0
1100000019	30	1	1	24	0	1	0
1100000020	56	1	1	24	0	1	0
1100000021	18	1	0	24	0	0	1
1100000022	21	1	0	24	0	0	1
1100000023	23	0	0	24	0	0	1
1100000024	27	1	0	24	0	1	0
1100000025	44	1	1	24	0	1	0
1100000026	27	0	0	24	0	1	0
1100000027	28	1	0	24	0	0	1
1100000028	65	1	1	24	0	1	0
1100000029	21	0	0	24	0	0	1
1100000030	27	0	0	24	0	0	1
1100000031	22	1	0	24	0	0	1
1100000032	21	1	0	24	0	1	0
1100000033	20	1	0	24	0	0	1
1100000034	25	0	0	24	0	0	1
1100000035	20	1	0	24	0	0	1
1100000036	28	1	0	24	0	1	0
1100000037	28	0	0	24	0	1	0
1100000038	57	1	0	24	0	1	0
1100000039	29	0	1	23	0	1	0
1100000040	76	0	0	23	0	0	1
1100000041	27	0	0	23	0	0	1
1100000042	19	0	1	23	0	1	0
1100000043	51	1	1	23	0	1	0
1100000044	48	1	1	23	0	0	1
1100000045	66	1	0	22	0	1	0
1100000046	73	0	0	22	0	1	0
1100000047	48	0	0	22	0	0	1
1100000048	79	0	0	22	0	1	0
1100000049	38	1	0	22	0	0	1
1100000050	36	1	0	22	0	0	1
1100000051	64	1	0	22	0	0	1
1100000052	70	0	1	22	0	1	0
1100000053	28	1	0	22	0	0	1
1100000054	27	0	1	22	0	1	0
1100000055	58	1	0	22	0	0	1
1100000056	52	1	1	21	0	0	1
1100000057	25	0	0	21	0	1	0
1100000058	51	1	1	21	0	0	1
1100000059	25	1	0	21	0	0	1
1100000060	65	1	1	21	0	1	0
1100000061	44	1	0	20	0	0	1
1100000062	16	0	0	20	0	1	0
1100000063	31	1	0	20	0	1	0
1100000064	49	1	0	20	0	1	0
1100000065	25	0	1	20	0	1	0
1100000066	8	1	0	20	0	0	1
1100000067	65	1	1	19	0	1	0
1100000068	29	1	1	19	0	0	1
1100000069	41	1	1	19	0	1	0
1100000070	18	1	1	19	0	0	1
1100000071	79	0	0	19	0	1	0
1100000072	7	0	1	18	0	0	1
1100000073	56	0	0	18	0	0	1
1100000074	81	0	0	18	0	1	0
1100000075	57	0	0	18	0	0	1
1100000076	38	1	0	18	0	1	0
1100000077	74	0	0	17	0	1	0
1100000078	62	1	0	17	0	1	0
1100000079	5	0	1	17	0	1	0
1100000080	68	0	0	16	0	1	0
1100000081	36	1	1	15	0	1	0
1100000082	19	0	1	15	0	1	0
1100000083	17	0	1	15	0	1	0
1100000084	25	0	0	14	0	0	1
1100000085	40	1	1	13	0	1	0
1100000086	54	1	0	12	0	1	0
1100000087	83	1	1	12	0	1	0
1100000088	38	1	0	12	0	1	0
1100000089	77	1	1	11	0	1	0
1100000090	56	1	1	8	0	1	0
1100000091	24	0	0	8	0	1	0
1100000092	50	0	1	7	0	1	0
1100000093	43	0	0	7	0	1	0
1100000094	48	0	0	6	0	1	0
1100000095	88	1	0	5	0	1	0
1100000096	49	1	0	5	0	1	0
1100000097	73	0	0	5	0	1	0
1100000098	50	0	1	5	0	1	0
1100000099	68	0	0	4	0	1	0
1100000100	68	1	0	4	0	1	0
1100000101	72	1	0	3	0	1	0
1200000031	61	1	0	29	0	1	0
1200000033	40	1	1	29	0	1	0
1200000034	24	0	0	29	0	1	0
1200000035	26	1	0	29	0	1	0
1200000036	48	1	0	29	0	1	0
1200000038	57	1	0	29	1	0	0
1200000042	29	1	0	28	0	1	0
1200000043	58	1	0	28	0	1	0
1200000044	46	1	0	28	0	1	0
1200000045	54	1	0	28	0	1	0
1200000046	28	0	0	28	0	1	0
1200000047	63	1	1	28	0	1	0
1200000048	72	1	1	28	0	1	0
1200000049	58	0	1	28	0	1	0
1200000050	76	0	1	28	0	0	1
1200000051	61	1	1	28	0	0	1
1200000053	38	1	0	28	0	1	0
1200000057	30	0	0	28	0	1	0
1200000058	26	1	0	28	0	1	0
1200000059	34	1	0	28	0	1	0
1200000060	59	1	0	28	0	1	0
1200000061	58	1	0	28	0	1	0
1200000062	60	0	0	28	0	1	0
1200000063	52	1	0	28	0	0	1
1200000064	59	1	0	28	0	1	0
1200000065	50	1	0	28	0	0	1
1200000068	56	1	0	27	0	1	0
1200000069	29	0	0	27	0	1	0
1200000070	48	1	0	27	0	1	0
1200000071	56	1	0	27	0	1	0
1200000072	39	1	0	27	0	1	0
1200000074	49	0	0	27	0	1	0
1200000076	36	0	0	27	0	1	0
1200000077	57	1	0	27	0	1	0
1200000078	55	0	0	27	0	1	0
1200000080	34	1	0	27	0	1	0
1200000081	65	1	0	27	0	1	0
1200000082	64	0	0	27	0	1	0
1200000084	69	0	0	27	0	1	0
1200000086	31	0	0	27	0	1	0
1200000087	21	1	0	27	0	1	0
1200000088	41	1	0	27	0	1	0
1200000089	24	1	0	27	0	1	0
1200000090	41	1	0	27	0	1	0
1200000114	74	0	0	26	1	0	0
1200000620	71	0	0	23	1	0	0
1200000901	86	1	0	22	1	0	0
1200001064	77	1	0	21	1	0	0
1200001288	65	0	0	20	1	0	0
1200001443	75	0	0	20	1	0	0
1200001921	67	0	0	19	1	0	0
1200002085	71	0	0	19	1	0	0
1200002289	66	0	0	19	1	0	0
1200002614	77	1	0	18	1	0	0
1200002769	86	1	0	18	1	0	0
1200002936	81	0	0	18	1	0	0
1200003550	69	1	0	17	1	0	0
1200003578	90	0	0	17	1	0	0
1200003896	87	0	0	17	1	0	0
1200003914	82	0	0	17	1	0	0
1200004046	58	1	0	17	1	0	0
1200005767	82	0	0	13	1	0	0
1200007196	75	0	0	10	1	0	0
1300000001	.	1	0	43	0	0	1
1300000002	.	1	1	42	0	0	1
1300000003	.	0	0	27	0	1	0
1300000004	.	0	1	26	0	0	1
1300000005	.	0	0	26	0	0	1
1300000006	.	0	1	26	0	0	1
1300000007	.	0	1	25	0	0	1
1300000008	.	1	1	25	0	0	1
1300000009	.	1	1	24	0	0	1
1300000010	.	1	1	16	0	1	0
1300000011	.	0	1	16	0	1	0
1300000012	.	1	1	16	0	1	0
1300000013	.	0	0	14	0	1	0
1300000014	.	0	1	11	0	1	0
1300000015	.	1	1	10	0	1	0
1300000016	.	1	0	4	0	1	0
1300000017	.	1	0	1	0	1	0
1300000018	.	0	1	1	0	1	0
1400000001	35	1	0	58	0	0	1
1400000002	60	1	0	25	0	1	0
1400000003	57	0	0	22	0	0	1
1400000004	28	1	0	19	0	1	0
1400000005	64	0	0	19	0	1	0
1400000006	44	0	0	19	0	1	0
1400000007	57	0	0	17	0	1	0
1400000008	48	1	0	15	0	1	0
1400000009	8	0	0	15	0	1	0
1400000010	52	1	0	9	0	1	0
1400000011	50	1	0	9	0	1	0
1400000012	38	1	0	9	0	1	0
1400000013	61	1	0	9	0	1	0
1400000014	55	1	0	9	0	1	0
1400000015	44	1	0	9	0	1	0
1400000016	30	1	0	9	0	1	0
1400000017	44	1	0	9	0	1	0
1400000018	43	1	0	9	0	1	0
1400000019	26	1	0	9	0	1	0
1400000020	44	1	0	9	0	1	0
1400000021	28	0	0	9	0	1	0
1400000022	44	1	0	8	0	1	0
1400000023	51	0	0	9	0	1	0
1400000024	31	0	0	8	0	1	0
1400000025	55	0	0	8	0	1	0
1400000026	34	0	0	6	0	1	0
1400000027	27	1	0	7	0	1	0
1400000028	50	0	0	5	0	1	0
1400000029	39	1	0	4	0	1	0
1400000030	30	1	0	4	0	1	0
1400000031	49	1	0	2	0	1	0
1400000032	32	0	0	1	0	1	0
1500000001	.	1	0	26	0	0	1
1500000002	.	1	0	25	0	1	0
1500000003	.	0	1	24	0	1	0
1500000004	.	1	0	21	0	0	1
1500000005	.	0	0	21	0	0	1
1500000006	.	1	0	21	0	1	0
1500000007	.	0	1	21	0	0	1
1500000008	.	0	1	21	0	1	0
1500000009	.	0	0	21	0	1	0
1500000010	.	0	1	20	0	0	1
1500000011	.	0	1	19	0	1	0
1500000012	.	1	0	19	0	1	0
1500000013	.	1	0	19	0	1	0
1500000014	.	0	0	17	0	0	1
1500000015	.	0	1	15	0	0	1
1500000016	.	0	0	14	0	1	0
1500000017	.	1	1	14	0	1	0
1500000018	.	0	0	14	0	1	0
1500000019	.	1	0	7	0	1	0
1500000020	.	0	1	7	0	1	0
1500000021	.	1	1	6	0	1	0
1500000022	.	1	1	6	0	1	0
1600000001	28	1	0	25	0	0	1
1600000002	49	1	0	23	0	0	1
1600000003	28	0	0	22	0	0	1
1600000004	62	1	0	22	0	1	0
1600000005	21	0	1	21	0	0	1
1600000006	73	1	1	20	0	1	0
1600000007	23	1	1	20	0	1	0
1600000008	56	1	0	20	0	1	0
1600000009	19	0	0	20	0	0	1
1600000010	20	0	0	20	0	0	1
1600000011	37	0	0	20	0	0	1
1600000012	25	1	1	19	0	0	1
1600000013	53	0	0	19	0	0	1
1600000014	27	0	0	19	0	1	0
1600000015	67	0	0	19	0	1	0
1600000016	40	1	0	19	0	0	1
1600000017	27	1	1	19	0	1	0
1600000018	47	1	0	17	0	1	0
1600000019	72	0	0	17	0	1	0
1600000020	68	1	1	17	0	1	0
1600000021	56	1	0	15	0	1	0
1600000022	58	0	1	15	0	1	0
1600000023	30	1	1	15	0	1	0
1600000024	35	1	0	11	0	1	0
1600000025	23	0	0	8	0	1	0
1600000026	60	0	1	6	0	1	0
1600000027	34	1	0	6	0	1	0
1600000028	57	1	1	4	0	1	0
1600000029	30	1	0	1	0	1	0
1600000030	30	0	0	1	0	1	0
1700000001	32	0	0	26	0	1	0
1700000002	.	1	0	12	0	1	0
1700000003	.	1	1	11	0	1	0
1700000004	.	1	1	10	0	1	0
1700000005	.	1	1	10	0	1	0
1700000006	.	1	1	10	0	1	0
1700000007	.	1	1	9	0	1	0
1700000008	.	1	1	9	0	1	0
1700000009	.	0	0	8	0	1	0
1700000010	.	0	1	8	0	1	0
1700000011	.	1	0	8	0	1	0
1700000012	.	1	1	8	0	1	0
1700000013	.	1	0	8	0	1	0
1700000014	.	0	0	8	0	1	0
1700000015	.	0	0	8	0	1	0
1700000016	.	0	1	7	0	1	0
1700000017	.	1	1	7	0	1	0
1700000018	.	1	0	7	0	1	0
1700000019	.	0	0	7	0	1	0
1700000020	.	0	0	7	0	1	0
1700000021	.	0	0	7	0	1	0
1700000022	.	0	0	7	0	1	0
1700000023	.	1	0	7	0	1	0
1700000024	.	0	0	7	0	1	0
1700000025	.	0	0	6	0	1	0
1700000026	.	0	0	6	0	1	0
1700000027	.	0	0	6	0	1	0
1700000028	.	0	0	6	0	1	0
1700000029	.	0	0	6	0	1	0
1700000030	.	0	0	6	0	1	0
1700000031	.	0	0	6	0	1	0
1700000032	.	0	0	6	0	1	0
1700000033	.	0	0	6	0	1	0
1700000034	.	1	1	6	0	1	0
1700000035	.	0	0	6	0	1	0
1700000036	.	1	0	6	0	1	0
1700000037	.	1	0	6	0	1	0
1700000038	.	0	0	5	0	1	0
1700000039	.	0	0	4	0	1	0
1700000040	.	1	0	3	0	1	0
1700000041	.	0	1	1	0	1	0
2000000001	54	0	0	52	0	0	1
2000000002	56	0	0	51	0	0	1
2000000003	49	0	0	46	0	0	1
2000000004	40	1	1	45	0	0	1
2000000005	43	0	1	45	0	0	1
2000000006	38	0	0	42	0	0	1
2000000007	42	1	1	42	0	0	1
2000000008	74	1	1	38	0	0	1
2000000009	52	0	1	38	0	1	0
2000000010	38	1	0	38	0	1	0
2000000011	31	1	1	37	0	0	1
2000000012	11	1	1	29	0	0	1
2000000013	32	1	1	26	0	1	0
2000000014	33	0	1	26	0	1	0
2000000015	38	1	1	25	0	1	0
2000000016	24	0	0	25	0	0	1
2000000017	61	0	0	25	0	1	0
2000000018	21	0	0	25	0	1	0
2000000019	64	0	1	25	0	1	0
2000000020	51	0	0	21	0	0	1
2000000021	61	1	1	24	0	1	0
2000000022	23	0	0	24	0	1	0
2000000023	40	0	1	24	0	1	0
2000000024	67	0	0	23	0	1	0
2000000025	54	0	0	25	0	1	0
2000000026	52	1	1	24	0	1	0
2000000027	2	1	0	23	0	1	0
2000000028	27	1	1	23	0	1	0
2000000029	66	1	0	25	0	1	0
2000000030	25	0	1	23	0	1	0
2000000031	22	0	1	23	0	1	0
2000000032	23	0	1	23	0	1	0
2000000033	34	0	0	23	0	1	0
2000000034	65	1	0	23	0	1	0
2000000035	35	0	0	23	0	1	0
2000000036	35	0	0	23	0	1	0
2000000037	34	0	0	22	0	1	0
2000000038	35	1	0	23	0	1	0
2000000039	36	0	0	22	1	0	0
2000000040	56	1	0	21	0	1	0
2000000041	36	0	0	22	0	1	0
2000000042	26	0	0	22	0	1	0
2000000043	35	1	0	22	0	0	1
2000000044	67	0	0	22	0	1	0
2000000045	39	0	0	21	0	0	1
2000000046	63	0	0	22	0	1	0
2000000047	47	0	0	21	0	1	0
2000000048	64	0	1	21	0	1	0
2000000049	39	0	1	21	0	1	0
2000000050	73	1	1	21	0	1	0
2000000051	78	0	1	21	0	1	0
2000000052	35	0	0	20	0	1	0
2000000053	26	1	0	20	0	1	0
2000000054	35	1	0	21	0	0	1
2000000055	27	0	0	20	0	1	0
2000000056	28	0	0	20	0	1	0
2000000057	31	0	0	15	0	1	0
2000000058	30	1	1	20	0	1	0
2000000059	38	1	0	19	0	1	0
2000000060	41	0	1	20	0	1	0
2000000061	41	0	1	20	0	1	0
2000000062	51	0	1	20	0	1	0
2000000063	25	1	0	20	0	1	0
2000000064	74	1	0	20	0	1	0
2000000065	51	0	0	18	0	0	1
2000000066	45	0	1	19	0	1	0
2000000067	50	0	1	19	0	1	0
2000000068	35	0	0	19	0	1	0
2000000069	49	1	1	18	0	1	0
2000000070	24	1	1	19	0	1	0
2000000071	33	1	0	19	0	1	0
2000000072	59	0	0	19	0	1	0
2000000073	41	1	1	18	0	1	0
2000000074	88	1	0	19	0	1	0
2000000075	40	1	0	18	0	1	0
2000000076	75	1	0	19	0	1	0
2000000077	74	0	0	19	0	1	0
2000000078	20	0	0	18	0	1	0
2000000079	23	0	0	17	0	1	0
2000000080	23	1	0	18	0	1	0
2000000081	57	0	0	17	0	1	0
2000000082	54	1	1	18	0	1	0
2000000083	42	1	0	18	0	1	0
2000000084	15	1	0	18	0	1	0
2000000085	30	0	0	17	0	1	0
2000000086	46	0	0	18	0	1	0
2000000087	13	1	0	17	0	1	0
2000000088	47	0	0	17	0	1	0
2000000089	39	0	0	17	0	1	0
2000000090	44	1	1	17	0	1	0
2000000091	46	0	0	17	0	1	0
2000000092	23	0	1	16	0	1	0
2000000093	55	1	1	17	0	1	0
2000000094	64	0	0	16	0	1	0
2000000095	36	1	0	14	0	1	0
2000000096	46	1	1	15	0	1	0
2000000097	11	1	1	15	0	1	0
2000000098	39	0	1	15	0	1	0
2000000099	62	1	1	15	0	1	0
2000000100	22	0	0	15	0	1	0
2000000101	41	0	0	15	0	1	0
2000000102	44	1	0	15	0	1	0
2000000103	7	1	1	14	0	1	0
2000000104	42	1	1	13	0	1	0
2000000105	28	0	1	14	0	1	0
2000000106	27	0	0	13	0	1	0
2000000107	44	0	1	14	0	1	0
2000000108	13	1	1	14	0	1	0
2000000109	8	1	1	14	0	1	0
2000000110	49	1	0	14	0	1	0
2000000111	76	0	0	13	0	1	0
2000000112	27	0	0	19	0	1	0
2000000113	40	1	1	13	0	1	0
2000000114	78	1	1	11	0	1	0
2000000115	53	0	0	13	0	1	0
2000000116	31	0	1	13	0	1	0
2000000117	44	1	1	13	0	1	0
2000000118	50	0	1	13	0	1	0
2000000119	20	0	0	23	0	1	0
2000000120	55	1	0	12	0	1	0
2000000121	57	1	0	13	0	1	0
2000000122	56	1	1	13	0	1	0
2000000123	31	1	0	12	0	1	0
2000000124	25	1	0	12	0	1	0
2000000125	82	0	0	11	0	1	0
2000000126	50	0	0	12	0	1	0
2000000127	12	0	0	11	0	1	0
2000000128	74	1	0	12	0	1	0
2000000129	23	1	0	12	0	1	0
2000000130	20	0	0	11	0	1	0
2000000131	15	1	0	12	0	1	0
2000000132	9	0	0	12	0	1	0
2000000133	32	1	1	12	0	1	0
2000000134	36	1	0	12	0	1	0
2000000135	77	0	0	11	0	1	0
2000000136	72	1	0	11	0	1	0
2000000137	21	1	1	11	0	1	0
2000000138	60	0	0	11	0	1	0
2000000139	47	0	0	11	0	1	0
2000000140	50	1	1	11	0	1	0
2000000141	65	0	1	10	0	1	0
2000000142	55	1	1	10	0	1	0
2000000143	26	0	1	10	0	1	0
2000000144	32	1	1	10	0	1	0
2000000145	50	1	1	10	0	1	0
2000000146	63	0	1	10	0	1	0
2000000147	24	1	1	10	0	1	0
2000000148	68	1	0	10	0	1	0
2000000149	23	0	0	10	0	1	0
2000000150	26	0	1	10	0	1	0
2000000151	62	1	0	10	0	1	0
2000000152	24	0	0	10	0	1	0
2000000153	61	0	1	9	0	1	0
2000000154	57	0	1	9	0	1	0
2000000155	27	1	0	9	0	1	0
2000000156	36	1	0	9	0	1	0
2000000157	51	1	0	9	0	1	0
2000000158	47	1	0	9	0	1	0
2000000159	51	1	0	9	0	1	0
2000000160	52	1	0	9	0	1	0
2000000161	11	0	1	9	0	1	0
2000000162	65	0	1	9	0	1	0
2000000163	48	1	1	9	0	1	0
2000000164	49	1	1	9	0	1	0
2000000165	54	1	1	8	0	1	0
2000000166	27	1	1	8	0	1	0
2000000167	44	1	1	8	0	1	0
2000000168	52	1	1	8	0	1	0
2000000169	43	1	1	8	0	1	0
2000000170	26	1	0	8	0	1	0
2000000171	51	1	1	8	0	1	0
2000000172	49	1	0	8	0	1	0
2000000173	32	1	1	8	0	1	0
2000000174	18	1	0	8	0	1	0
2000000175	57	1	0	7	0	1	0
2000000176	45	1	1	7	0	1	0
2000000177	52	0	1	7	0	1	0
2000000178	68	0	1	7	0	1	0
2000000179	28	0	0	7	0	1	0
2000000180	49	1	1	6	0	1	0
2000000181	51	1	1	6	0	1	0
2000000182	46	1	1	6	0	1	0
2000000183	66	0	1	6	0	1	0
2000000184	41	0	0	6	0	1	0
2000000185	66	0	0	6	0	1	0
2000000186	32	0	1	5	0	1	0
2000000187	21	0	0	5	0	1	0
2000000188	59	1	1	5	0	1	0
2000000189	46	1	0	5	0	1	0
2000000190	51	1	1	5	0	1	0
2000000191	34	1	1	5	0	1	0
2000000192	61	1	1	5	0	1	0
2000000193	29	1	1	5	0	1	0
2000000194	67	0	1	5	0	1	0
2000000195	2	0	1	5	0	1	0
2000000196	31	0	1	5	0	1	0
2000000197	63	0	1	5	0	1	0
2000000198	58	1	1	5	0	1	0
2000000199	49	0	1	5	0	1	0
2000000200	32	1	0	5	0	1	0
2000000201	64	0	1	4	0	1	0
2000000202	57	1	1	4	0	1	0
2000000203	61	1	1	4	0	1	0
2000000204	53	1	1	4	0	1	0
2000000205	74	1	1	4	0	1	0
2000000206	48	1	1	4	0	1	0
2000000207	53	1	1	4	0	1	0
2000000208	40	0	1	4	0	1	0
2000000209	28	1	1	4	0	1	0
2000000210	64	0	1	4	0	1	0
2000000211	61	0	1	3	0	1	0
2000000212	60	1	1	3	0	1	0
2000000213	26	0	0	3	0	1	0
2000000214	53	1	1	3	.	.	.
2000000215	46	1	1	3	.	.	.
2000000216	57	1	0	3	.	.	.
2000000217	66	1	1	3	.	.	.
2000000218	28	1	1	3	.	.	.
2000000219	64	0	1	3	.	.	.
2000000220	38	1	1	3	.	.	.
2000000221	11	1	1	3	.	.	.
2000000222	49	1	1	3	.	.	.
2000000223	57	0	1	3	.	.	.
2000000224	35	0	1	3	.	.	.
2000000225	55	0	1	3	.	.	.
2000000226	52	1	1	3	.	.	.
2000000227	57	1	1	3	.	.	.
2000000228	26	0	1	3	.	.	.
2000000229	13	0	1	3	.	.	.
2000000230	48	0	1	3	.	.	.
2000000231	39	1	0	12	.	.	.
2000000232	10	0	1	2	.	.	.
2000000233	53	1	1	2	.	.	.
2000000234	54	1	1	2	.	.	.
2000000235	26	0	1	2	.	.	.
2000000236	71	1	1	2	.	.	.
2000000237	62	1	1	2	.	.	.
2000000238	52	1	1	2	.	.	.
2000000239	24	1	1	2	.	.	.
2000000240	51	1	1	2	.	.	.
2000000241	61	1	1	2	.	.	.
2000000242	45	0	1	2	.	.	.
2000000243	24	1	1	2	.	.	.
2000000244	75	1	0	2	.	.	.
2000000245	32	1	0	2	.	.	.
2000000246	57	1	1	2	.	.	.
2000000247	60	1	1	2	.	.	.
2000000248	59	1	1	2	.	.	.
2000000249	52	1	1	2	.	.	.
2000000250	49	1	1	2	.	.	.
2000000251	47	1	1	2	.	.	.
2000000252	21	1	1	2	.	.	.
2000000253	21	0	1	2	.	.	.
2000000254	22	1	1	2	.	.	.
2000000255	54	1	1	2	.	.	.
2000000256	60	0	1	2	.	.	.
2000000257	22	0	1	2	.	.	.
2000000258	14	0	1	2	.	.	.
2000000259	58	1	1	2	.	.	.
2000000260	41	1	1	2	.	.	.
2000000261	44	1	1	2	.	.	.
2000000262	34	1	1	2	.	.	.
2000000263	40	1	1	2	.	.	.
2000000264	41	0	1	2	.	.	.
2000000265	56	0	1	1	.	.	.
2000000266	60	0	1	1	.	.	.
2000000267	37	1	0	1	.	.	.
2000000268	31	0	0	1	.	.	.
2000000269	41	1	1	1	.	.	.
2000000270	34	0	1	1	.	.	.
2000000271	62	1	1	1	.	.	.
2000000272	15	0	1	1	.	.	.
2000000273	51	0	0	1	.	.	.
2000000274	24	0	0	1	.	.	.
2000000275	79	0	0	1	.	.	.
2000000276	73	0	1	1	.	.	.
2000000277	61	1	0	1	.	.	.
2000000278	38	0	0	1	.	.	.
2000000279	38	1	0	1	.	.	.
2000000280	41	0	0	0	.	.	.
2000000281	2	1	0	0	.	.	.
2000000282	46	1	1	0	.	.	.
2000000283	24	0	1	0	.	.	.
2000000284	6	0	1	0	.	.	.
2000000285	66	1	1	0	.	.	.
2000000286	67	1	1	0	.	.	.
2000000287	35	0	1	0	.	.	.
2000000288	21	0	1	0	.	.	.
2000000289	55	0	1	0	.	.	.
2000000290	33	1	1	0	.	.	.
2000000291	33	1	0	0	.	.	.
2000000292	83	1	1	0	.	.	.
2000000293	73	1	1	0	.	.	.
2000000294	34	0	0	0	.	.	.
2000000295	71	0	1	0	.	.	.
2000000296	33	0	0	0	.	.	.
2000000297	51	1	0	0	.	.	.
2000000298	51	1	1	0	.	.	.
2000000299	35	1	0	0	.	.	.
2000000300	31	0	0	0	.	.	.
3001000001	.	0	0	25	0	1	0
3001000002	.	0	0	17	0	0	1
3001000003	.	0	0	17	0	1	0
3001000004	.	1	0	17	0	0	1
3001000005	.	0	0	17	0	0	1
3001000006	.	1	0	10	0	1	0
3004000001	.	.	0	25	0	0	1
3005000001	.	1	0	25	0	0	1
3005000002	.	0	0	25	0	0	1
3009000001	47	0	0	20	0	1	0
3009000002	57	0	0	18	0	1	0
3009000003	56	0	0	17	0	1	0
3009000004	67	0	0	17	0	1	0
3009000005	50	1	0	17	0	1	0
3009000006	54	1	0	17	0	1	0
3009000007	26	1	0	17	0	1	0
3009000008	57	1	0	17	0	1	0
3009000009	67	0	0	17	0	1	0
3009000010	44	0	0	17	0	1	0
3009000011	71	0	0	15	0	1	0
3009000012	65	1	0	14	0	1	0
3009000013	66	0	0	14	0	1	0
3009000014	51	0	0	14	0	1	0
3009000015	46	0	0	13	0	1	0
3009000016	67	1	0	11	0	1	0
3009000017	42	1	0	8	0	1	0
3013000001	.	1	0	25	0	1	0
3013000002	.	1	0	25	0	1	0
3014000001	.	1	0	14	1	0	0
4000000001	30	0	0	27	0	1	0
4000000002	35	0	0	25	0	0	1
4000000003	34	1	0	25	0	1	0
4000000004	50	0	1	22	0	1	0
4000000005	34	1	1	22	0	1	0
4000000006	23	1	1	22	0	1	0
4000000007	37	1	1	21	0	1	0
4000000008	22	0	1	20	0	0	1
4000000009	46	0	1	20	0	1	0
4000000010	22	0	1	20	0	1	0
4000000011	24	0	1	18	0	1	0
4000000012	81	1	0	14	0	1	0
4000000013	57	0	1	13	0	1	0
4000000014	58	1	0	13	0	1	0
4000000015	3	0	0	13	0	1	0
4000000016	76	1	1	12	0	1	0
4000000017	76	1	0	12	0	1	0
4000000018	66	1	1	12	0	1	0
4000000019	77	1	0	12	0	1	0
4000000020	83	1	0	12	0	1	0
4000000021	90	1	0	11	0	1	0
4000000022	45	0	0	11	0	1	0
4000000023	74	0	0	11	0	1	0
4000000024	63	0	0	11	0	1	0
4000000025	56	1	0	10	0	1	0
4000000026	54	1	0	9	0	1	0
4000000027	70	1	0	8	0	1	0
4000000028	45	1	0	5	0	1	0
4100000001	25	0	0	26	0	1	0
4100000002	47	1	1	22	0	0	1
4100000003	50	1	1	22	0	1	0
4100000004	47	1	1	22	0	0	1
4100000005	44	1	1	21	0	1	0
4100000006	42	1	1	21	0	1	0
4100000007	45	0	1	21	0	1	0
4100000008	46	1	0	21	0	1	0
4100000009	38	1	1	21	0	1	0
4100000010	49	1	1	20	0	1	0
4100000011	31	1	1	20	0	1	0
4100000012	53	1	1	20	0	1	0
4100000013	43	1	1	20	0	1	0
4100000014	45	0	1	20	0	1	0
4100000015	43	1	1	20	0	1	0
4100000016	46	1	1	20	0	0	1
4100000017	40	1	1	20	0	0	1
4100000018	30	0	1	20	0	1	0
4100000019	41	1	1	20	0	1	0
4100000020	40	1	1	19	0	1	0
4100000021	31	0	1	19	0	1	0
4100000022	38	1	1	19	0	0	1
4100000023	51	1	1	19	0	1	0
4100000024	49	1	1	19	0	1	0
4100000025	49	1	1	19	0	0	1
4100000026	61	1	1	19	0	0	1
4100000027	39	1	1	19	0	1	0
4100000028	41	1	1	19	0	1	0
4100000029	45	1	1	19	0	1	0
4100000030	54	1	1	19	0	1	0
4100000031	43	1	1	19	0	0	1
4100000032	38	1	1	19	0	0	1
4100000033	49	1	1	19	0	0	1
4100000034	45	1	1	19	0	1	0
4100000035	47	1	1	19	0	1	0
4100000036	40	1	1	19	0	1	0
4100000037	39	1	1	19	0	0	1
4100000038	43	1	0	19	0	0	1
4100000039	45	1	1	19	0	1	0
4100000040	38	1	1	19	0	1	0
4100000041	41	1	1	19	0	1	0
4100000042	33	1	1	19	0	1	0
4100000043	39	1	1	19	0	1	0
4100000044	65	1	0	19	0	1	0
4100000045	48	1	1	19	0	1	0
4100000046	49	1	1	19	0	1	0
4100000047	42	0	1	18	0	0	1
4100000048	13	0	1	18	0	0	1
4100000049	37	0	1	18	0	1	0
4100000050	29	1	1	18	0	0	1
4100000051	61	1	0	18	0	1	0
4100000052	42	1	1	18	0	0	1
4100000053	61	1	1	18	0	1	0
4100000054	51	1	1	18	0	1	0
4100000055	23	1	1	18	0	0	1
4100000056	48	0	1	18	0	0	1
4100000057	18	0	1	18	0	1	0
4100000058	13	0	1	18	0	0	1
4100000059	43	1	1	18	0	0	1
4100000060	14	0	1	18	0	0	1
4100000061	13	0	1	18	0	0	1
4100000062	35	1	0	18	0	1	0
4100000063	41	1	1	18	0	1	0
4100000064	13	0	1	17	0	0	1
4100000065	2	0	1	17	0	0	1
4100000066	60	1	1	17	0	1	0
4100000067	36	0	1	17	0	0	1
4100000068	48	0	1	17	0	1	0
4100000069	48	1	1	17	0	1	0
4100000070	13	0	1	17	0	0	1
4100000071	34	1	1	17	0	1	0
4100000072	8	0	1	17	0	0	1
4100000073	46	0	1	17	0	1	0
4100000074	52	1	1	17	0	1	0
4100000075	21	1	1	17	0	0	1
4100000076	33	1	1	17	0	0	1
4100000077	47	1	1	17	0	1	0
4100000078	19	0	1	16	0	1	0
4100000079	2	1	1	16	0	0	1
4100000080	52	0	1	16	0	1	0
4100000081	53	1	0	15	0	1	0
4100000082	54	1	1	15	0	1	0
4100000083	23	1	1	14	0	1	0
4100000084	39	0	1	14	0	1	0
4100000085	48	1	1	14	0	1	0
4100000086	39	1	1	13	0	1	0
4100000087	12	0	1	13	0	1	0
4100000088	6	1	1	13	0	1	0
4100000089	25	1	0	13	0	1	0
4100000090	52	0	1	13	0	1	0
4100000091	51	0	1	12	0	1	0
4100000092	69	0	1	12	0	1	0
4100000093	31	1	1	12	0	1	0
4100000094	38	0	0	12	0	1	0
4100000095	32	1	1	11	0	1	0
4100000096	3	1	1	11	0	1	0
4100000097	47	1	1	11	0	1	0
4100000098	20	1	1	11	0	1	0
4100000099	50	1	0	10	0	1	0
4100000100	54	0	1	10	0	1	0
4100000101	22	1	1	10	0	1	0
4100000102	24	1	1	10	0	1	0
4100000103	20	1	0	9	0	1	0
4100000104	54	0	0	9	0	1	0
4100000105	53	1	1	8	0	1	0
4100000106	75	1	0	8	0	1	0
4100000107	42	1	0	8	0	1	0
4100000108	1	0	1	8	0	1	0
4100000109	34	1	1	8	0	1	0
4100000110	52	0	1	8	0	1	0
4100000111	25	1	1	8	0	1	0
4100000112	53	0	1	8	0	1	0
4100000113	37	0	1	8	0	1	0
4100000114	53	0	1	8	0	1	0
4100000115	81	1	1	7	0	1	0
4100000116	64	0	0	1	0	1	0
4100000117	25	0	0	1	0	1	0
4100000118	62	1	1	1	0	1	0
5000000001	62	1	0	47	0	0	1
5000000002	28	0	0	27	0	0	1
5000000003	36	0	1	26	0	0	1
5000000004	70	1	0	21	0	1	0
5000000005	73	0	1	20	0	1	0
5000000006	52	0	0	18	0	1	0
5000000007	26	1	0	16	0	0	1
5100000001	46	0	1	41	0	0	1
5100000002	25	1	0	19	0	1	0
5100000003	22	0	0	18	0	0	1
5100000004	36	1	1	17	0	1	0
6001000001	29	1	0	28	0	1	0
6001000002	19	1	0	28	0	1	0
6001000003	46	1	0	27	0	0	1
6001000004	55	1	0	27	0	1	0
6001000005	29	1	0	27	0	1	0
6001000006	46	1	0	26	0	0	1
6001000007	46	1	0	26	0	1	0
6001000008	52	0	0	26	0	1	0
6001000009	37	0	0	26	0	1	0
6001000010	20	1	0	26	0	1	0
6001000011	54	0	0	26	0	1	0
6001000012	42	1	0	26	0	0	1
6001000013	33	0	0	25	0	1	0
6001000014	43	1	0	25	0	1	0
6001000015	58	1	0	25	0	1	0
6001000016	63	0	0	25	0	1	0
6001000017	43	1	0	25	0	1	0
6001000018	51	1	0	24	0	1	0
6001000019	23	1	0	24	0	0	1
6001000020	62	1	0	24	0	1	0
6001000021	23	0	0	24	0	1	0
6001000022	59	1	0	24	0	0	1
6001000023	57	1	0	24	0	0	1
6001000024	54	1	0	23	0	1	0
6001000025	54	1	0	23	0	0	1
6001000026	64	1	0	23	0	1	0
6001000027	38	0	0	23	0	1	0
6001000028	71	0	0	23	0	1	0
6001000029	47	1	0	23	0	1	0
6001000030	35	1	0	23	0	1	0
6001000031	11	0	0	23	0	1	0
6001000032	24	0	0	23	0	1	0
6001000033	52	1	0	23	0	0	1
6001000034	65	1	0	23	0	1	0
6001000035	61	0	0	22	0	1	0
6001000036	24	1	0	22	0	1	0
6001000037	23	1	0	22	0	1	0
6001000038	58	1	0	22	0	1	0
6001000039	60	1	0	22	0	1	0
6001000040	27	1	0	22	0	1	0
6001000041	61	1	0	22	0	1	0
6001000042	56	0	0	22	0	1	0
6001000043	52	1	0	22	0	0	1
6001000044	66	1	0	22	0	1	0
6001000045	82	0	0	22	0	0	1
6001000046	64	0	0	21	0	1	0
6001000047	45	1	0	21	0	1	0
6001000048	9	1	0	21	0	1	0
6001000049	21	0	0	21	0	1	0
6001000050	43	0	0	21	0	1	0
6001000051	18	0	0	21	0	0	1
6001000052	31	1	0	21	0	0	1
6001000053	16	1	0	21	0	0	1
6001000054	72	1	0	21	0	0	1
6001000055	26	0	0	21	0	1	0
6001000056	53	1	0	21	0	1	0
6001000057	53	1	0	21	0	1	0
6001000058	23	0	0	21	0	1	0
6001000059	51	1	0	21	0	1	0
6001000060	51	1	0	21	0	1	0
6001000061	29	0	0	21	0	1	0
6001000062	69	0	0	21	0	1	0
6001000063	64	1	0	21	0	1	0
6001000064	50	1	0	21	0	1	0
6001000065	60	1	0	21	0	1	0
6001000066	57	1	0	21	0	1	0
6001000067	62	1	0	21	0	1	0
6001000068	25	1	0	21	0	1	0
6001000069	56	1	0	21	0	1	0
6001000070	25	0	0	21	0	1	0
6001000071	58	1	0	21	0	1	0
6001000072	51	0	0	21	0	1	0
6001000073	51	1	0	21	0	0	1
6001000074	39	1	0	21	0	1	0
6001000075	23	1	0	21	0	0	1
6001000076	23	0	0	21	0	1	0
6001000077	23	0	0	21	0	1	0
6001000078	32	0	0	21	0	1	0
6001000079	39	1	0	21	0	1	0
6001000080	51	1	0	20	0	1	0
6001000081	43	1	0	20	0	1	0
6001000082	69	0	0	20	0	1	0
6001000083	13	1	0	20	0	1	0
6001000084	25	1	0	20	0	1	0
6001000085	57	0	0	20	0	0	1
6001000086	22	1	0	20	0	0	1
6001000087	65	1	0	20	0	1	0
6001000088	22	1	0	20	0	1	0
6001000089	33	1	0	20	0	1	0
6001000090	55	1	0	20	0	1	0
6001000091	37	1	0	20	0	1	0
6001000092	46	1	0	20	0	1	0
6001000093	60	1	0	20	0	1	0
6001000094	29	1	0	20	0	0	1
6001000095	20	1	0	20	0	1	0
6001000096	58	1	0	20	0	1	0
6001000097	35	1	0	20	0	1	0
6001000098	31	0	0	19	0	1	0
6001000099	29	0	0	19	0	1	0
6001000100	64	1	0	19	0	1	0
6001000101	55	1	0	19	0	1	0
6001000102	25	1	0	19	0	1	0
6001000103	73	0	0	19	0	1	0
6001000104	20	1	0	19	0	1	0
6001000105	69	1	0	19	0	1	0
6001000106	24	0	0	19	0	1	0
6001000107	22	0	0	19	0	1	0
6001000108	61	1	0	19	0	1	0
6001000109	26	1	0	19	0	1	0
6001000110	35	0	0	19	0	1	0
6001000111	55	1	0	19	0	1	0
6001000112	20	0	0	19	0	1	0
6001000113	57	0	0	19	0	1	0
6001000114	53	1	0	19	0	1	0
6001000115	27	1	0	19	0	1	0
6001000116	64	1	0	19	0	1	0
6001000117	66	0	0	19	0	1	0
6001000118	58	1	0	19	0	1	0
6001000119	84	0	0	19	0	1	0
6001000120	80	1	0	19	0	1	0
6001000121	28	1	0	19	0	1	0
6001000122	72	1	0	19	0	1	0
6001000123	85	1	0	19	0	1	0
6001000124	17	0	0	19	0	1	0
6001000125	69	1	0	18	0	1	0
6001000126	26	1	0	18	0	0	1
6001000127	47	0	0	18	0	1	0
6001000128	45	1	0	18	0	1	0
6001000129	73	1	0	18	0	1	0
6001000130	40	0	0	18	0	1	0
6001000131	39	0	0	18	0	1	0
6001000132	22	0	0	18	0	1	0
6001000133	38	0	0	18	0	0	1
6001000134	61	1	0	18	0	1	0
6001000135	14	1	0	18	0	1	0
6001000136	61	1	0	18	0	1	0
6001000137	55	1	0	18	0	1	0
6001000138	52	1	0	18	0	0	1
6001000139	55	1	0	18	0	0	1
6001000140	24	0	0	18	0	0	1
6001000141	42	1	0	18	0	1	0
6001000142	54	1	0	18	0	0	1
6001000143	85	1	0	18	0	1	0
6001000144	30	1	0	18	0	1	0
6001000145	0	0	0	18	0	1	0
6001000146	25	1	0	17	0	1	0
6001000147	20	0	0	17	0	0	1
6001000148	60	1	0	17	0	1	0
6001000149	52	1	0	17	0	1	0
6001000150	88	1	0	17	0	1	0
6001000151	80	1	0	17	0	1	0
6001000152	52	1	0	17	0	1	0
6001000153	52	0	0	17	0	1	0
6001000154	70	1	0	17	0	1	0
6001000155	82	0	0	17	0	1	0
6001000156	64	0	0	17	0	1	0
6001000157	27	1	0	17	0	1	0
6001000158	23	0	0	17	0	1	0
6001000159	21	0	0	17	0	1	0
6001000160	63	0	0	17	0	1	0
6001000161	22	1	0	17	0	1	0
6001000162	27	1	0	17	0	1	0
6001000163	22	0	0	17	0	1	0
6001000164	59	1	0	17	0	1	0
6001000165	20	1	0	17	0	1	0
6001000166	19	1	0	17	0	1	0
6001000167	52	1	0	17	0	0	1
6001000168	54	0	0	17	0	1	0
6001000169	22	1	0	17	0	1	0
6001000170	55	1	0	17	0	1	0
6001000171	47	1	0	17	0	1	0
6001000172	51	0	0	17	0	1	0
6001000173	22	1	0	17	0	1	0
6001000174	15	1	0	17	0	1	0
6001000175	23	1	0	17	0	1	0
6001000176	21	0	0	17	0	1	0
6001000177	24	0	0	17	0	1	0
6001000178	55	1	0	17	0	1	0
6001000179	39	1	0	17	0	1	0
6001000180	42	1	0	17	0	1	0
6001000181	38	1	0	17	0	1	0
6001000182	60	0	0	17	0	1	0
6001000183	59	0	0	17	0	1	0
6001000184	27	0	0	17	0	1	0
6001000185	22	1	0	17	0	1	0
6001000186	74	1	0	17	0	1	0
6001000187	22	0	0	17	0	1	0
6001000188	21	0	0	17	0	1	0
6001000189	58	0	0	17	0	1	0
6001000190	25	0	0	17	0	1	0
6001000191	40	1	0	17	0	1	0
6001000192	41	1	0	17	0	1	0
6001000193	30	0	0	17	0	1	0
6001000194	27	1	0	17	0	1	0
6001000195	26	0	0	17	0	0	1
6001000196	50	1	0	17	0	1	0
6001000197	51	1	0	17	0	1	0
6001000198	59	1	0	17	0	1	0
6001000199	68	1	0	17	0	1	0
6001000200	62	0	0	17	0	0	1
6001000201	94	1	0	17	0	1	0
6001000202	55	1	0	16	0	0	1
6001000203	51	1	0	16	0	0	1
6001000204	21	1	0	16	0	0	1
6001000205	22	0	0	16	0	1	0
6001000206	47	1	0	16	0	0	1
6001000207	32	0	0	16	0	1	0
6001000208	30	1	0	16	0	1	0
6001000209	56	1	0	16	0	1	0
6001000210	51	1	0	16	0	0	1
6001000211	56	1	0	16	0	1	0
6001000212	71	1	0	16	0	0	1
6001000213	31	1	0	16	0	1	0
6001000214	39	1	0	16	0	1	0
6001000215	72	1	0	16	0	1	0
6001000216	44	0	0	16	0	1	0
6001000217	40	1	0	16	0	1	0
6001000218	32	1	0	16	0	1	0
6001000219	55	1	0	16	0	1	0
6001000220	39	1	0	16	0	1	0
6001000221	41	1	0	16	0	1	0
6001000222	88	1	0	16	0	1	0
6001000223	85	1	0	16	0	1	0
6001000224	39	1	0	16	0	1	0
6001000225	57	1	0	16	0	0	1
6001000226	51	1	0	16	0	1	0
6001000227	54	1	0	16	0	1	0
6001000228	56	1	0	16	0	1	0
6001000229	46	1	0	16	0	1	0
6001000230	21	1	0	15	0	0	1
6001000231	37	1	0	15	0	1	0
6001000232	10	0	0	15	0	1	0
6001000233	87	1	0	15	0	1	0
6001000234	56	0	0	15	0	1	0
6001000235	25	1	0	15	0	1	0
6001000236	63	0	0	15	0	1	0
6001000237	48	1	0	15	0	1	0
6001000238	48	0	0	15	0	1	0
6001000239	25	1	0	15	0	1	0
6001000240	50	1	0	15	0	1	0
6001000241	27	0	0	15	0	1	0
6001000242	25	1	0	15	0	1	0
6001000243	39	0	0	15	0	1	0
6001000244	48	1	0	15	0	1	0
6001000245	57	1	0	15	0	1	0
6001000246	47	1	0	15	0	1	0
6001000247	11	0	0	15	0	1	0
6001000248	23	0	0	15	0	1	0
6001000249	52	1	0	15	0	1	0
6001000250	44	1	0	15	0	1	0
6001000251	46	1	0	15	0	1	0
6001000252	39	1	0	15	0	1	0
6001000253	43	1	0	15	0	1	0
6001000254	51	1	0	15	0	1	0
6001000255	28	1	0	15	0	1	0
6001000256	26	1	0	15	0	1	0
6001000257	24	1	0	15	0	1	0
6001000258	25	1	0	15	0	1	0
6001000259	26	1	0	15	0	1	0
6001000260	24	1	0	15	0	1	0
6001000261	68	1	0	15	0	1	0
6001000262	59	1	0	15	0	1	0
6001000263	24	0	0	15	0	1	0
6001000264	20	1	0	15	0	1	0
6001000265	24	1	0	15	0	1	0
6001000266	48	0	0	15	0	1	0
6001000267	55	0	0	15	0	1	0
6001000268	80	1	0	15	0	1	0
6001000269	57	1	0	15	0	1	0
6001000270	42	1	0	15	0	1	0
6001000271	44	1	0	15	0	1	0
6001000272	47	1	0	15	0	1	0
6001000273	22	1	0	15	0	1	0
6001000274	23	0	0	15	0	1	0
6001000275	53	1	0	15	0	1	0
6001000276	23	0	0	15	0	1	0
6001000277	22	1	0	15	0	1	0
6001000278	24	1	0	15	0	1	0
6001000279	25	0	0	15	0	1	0
6001000280	55	1	0	15	0	1	0
6001000281	26	0	0	15	0	1	0
6001000282	36	1	0	15	0	0	1
6001000283	63	0	0	15	0	1	0
6001000284	24	1	0	15	0	1	0
6001000285	60	0	0	15	0	1	0
6001000286	81	1	0	15	0	1	0
6001000287	36	0	0	15	0	1	0
6001000288	22	1	0	15	0	1	0
6001000289	78	1	0	15	0	1	0
6001000290	22	1	0	15	0	1	0
6001000291	24	1	0	15	0	1	0
6001000292	56	1	0	14	0	0	1
6001000293	95	1	0	14	0	1	0
6001000294	19	0	0	14	0	0	1
6001000295	55	1	0	14	0	1	0
6001000296	48	1	0	14	0	1	0
6001000297	50	0	0	14	0	1	0
6001000298	45	1	0	14	0	1	0
6001000299	20	0	0	14	0	1	0
6001000300	20	0	0	14	0	1	0
6001000301	21	1	0	14	0	1	0
6001000302	51	1	0	14	0	0	1
6001000303	20	0	0	14	0	1	0
6001000304	39	1	0	14	0	1	0
6001000305	55	1	0	14	0	1	0
6001000306	58	1	0	14	0	1	0
6001000307	45	1	0	14	0	1	0
6001000308	25	0	0	14	0	1	0
6001000309	54	0	0	14	0	0	1
6001000310	56	0	0	14	0	1	0
6001000311	70	1	0	14	0	1	0
6001000312	52	1	0	14	0	0	1
6001000313	51	1	0	14	0	1	0
6001000314	24	0	0	14	0	1	0
6001000315	25	0	0	14	0	0	1
6001000316	24	0	0	14	0	1	0
6001000317	68	1	0	14	0	0	1
6001000318	46	1	0	14	0	1	0
6001000319	24	1	0	14	0	1	0
6001000320	40	1	0	14	0	1	0
6001000321	40	1	0	14	0	0	1
6001000322	24	1	0	14	0	0	1
6001000323	27	1	0	14	0	1	0
6001000324	21	0	0	14	0	0	1
6001000325	24	1	0	14	0	0	1
6001000326	21	1	0	14	0	1	0
6001000327	52	1	0	14	0	1	0
6001000328	23	0	0	14	0	1	0
6001000329	26	0	0	14	0	1	0
6001000330	25	1	0	14	0	0	1
6001000331	21	1	0	14	0	1	0
6001000332	45	1	0	14	0	1	0
6001000333	28	1	0	14	0	1	0
6001000334	23	1	0	14	0	1	0
6001000335	20	0	0	14	0	1	0
6001000336	25	0	0	14	0	1	0
6001000337	40	1	0	14	0	1	0
6001000338	47	1	0	14	0	1	0
6001000339	21	1	0	14	0	1	0
6001000340	55	1	0	14	0	0	1
6001000341	12	0	0	14	0	1	0
6001000342	20	1	0	14	0	1	0
6001000343	63	0	0	14	0	1	0
6001000344	23	1	0	14	0	1	0
6001000345	55	1	0	14	0	1	0
6001000346	20	1	0	14	0	1	0
6001000347	65	1	0	14	0	1	0
6001000348	73	1	0	13	0	1	0
6001000349	77	1	0	13	0	1	0
6001000350	87	1	0	13	0	1	0
6001000351	85	1	0	13	0	1	0
6001000352	88	1	0	13	0	1	0
6001000353	92	1	0	13	0	1	0
6001000354	79	1	0	13	0	1	0
6001000355	90	1	0	13	0	1	0
6001000356	85	0	0	13	0	1	0
6001000357	74	1	0	13	0	1	0
6001000358	94	1	0	13	0	1	0
6001000359	90	1	0	13	0	1	0
6001000360	45	1	0	13	0	1	0
6001000361	41	0	0	13	0	1	0
6001000362	20	0	0	13	0	1	0
6001000363	22	1	0	13	0	1	0
6001000364	20	1	0	13	0	1	0
6001000365	23	0	0	13	0	1	0
6001000366	60	1	0	13	0	0	1
6001000367	43	1	0	13	0	1	0
6001000368	56	1	0	13	0	1	0
6001000369	27	1	0	13	0	1	0
6001000370	35	1	0	13	0	0	1
6001000371	26	0	0	13	0	1	0
6001000372	60	1	0	13	0	1	0
6001000373	58	1	0	13	0	0	1
6001000374	32	1	0	13	0	1	0
6001000375	30	0	0	13	0	1	0
6001000376	22	0	0	13	0	1	0
6001000377	57	1	0	13	0	1	0
6001000378	60	0	0	13	0	1	0
6001000379	21	1	0	13	0	1	0
6001000380	40	1	0	13	0	0	1
6001000381	26	1	0	13	0	0	1
6001000382	21	1	0	13	0	1	0
6001000383	53	1	0	13	0	1	0
6001000384	47	1	0	13	0	1	0
6001000385	20	1	0	13	0	1	0
6001000386	53	1	0	13	0	1	0
6001000387	25	1	0	13	0	1	0
6001000388	25	1	0	13	0	1	0
6001000389	20	1	0	13	0	0	1
6001000390	70	1	0	13	0	1	0
6001000391	22	0	0	13	0	1	0
6001000392	21	0	0	13	0	1	0
6001000393	21	0	0	13	0	0	1
6001000394	25	1	0	13	0	1	0
6001000395	26	0	0	13	0	1	0
6001000396	27	1	0	13	0	1	0
6001000397	21	1	0	13	0	1	0
6001000398	23	1	0	13	0	1	0
6001000399	42	1	0	13	0	1	0
6001000400	25	1	0	13	0	1	0
6001000401	65	1	0	13	0	1	0
6001000402	81	1	0	13	0	1	0
6001000403	29	0	0	13	0	1	0
6001000404	35	1	0	13	0	0	1
6001000405	84	1	0	12	0	1	0
6001000406	86	1	0	12	0	1	0
6001000407	77	1	0	12	0	1	0
6001000408	88	1	0	12	0	1	0
6001000409	78	1	0	12	0	1	0
6001000410	78	1	0	12	0	1	0
6001000411	48	1	0	12	0	1	0
6001000412	57	1	0	12	0	1	0
6001000413	49	1	0	12	0	1	0
6001000414	60	1	0	12	0	1	0
6001000415	70	1	0	12	0	1	0
6001000416	27	0	0	12	0	1	0
6001000417	84	0	0	12	0	1	0
6001000418	55	1	0	12	0	1	0
6001000419	85	1	0	12	0	1	0
6001000420	23	1	0	12	0	1	0
6001000421	67	1	0	12	0	1	0
6001000422	50	1	0	12	0	1	0
6001000423	63	1	0	12	0	1	0
6001000424	25	0	0	12	0	1	0
6001000425	24	0	0	12	0	0	1
6001000426	23	1	0	12	0	1	0
6001000427	25	0	0	12	0	1	0
6001000428	52	1	0	12	0	1	0
6001000429	25	1	0	12	0	1	0
6001000430	80	1	0	12	0	1	0
6001000431	20	0	0	12	0	1	0
6001000432	52	1	0	12	0	1	0
6001000433	53	0	0	12	0	1	0
6001000434	80	0	0	12	0	1	0
6001000435	45	1	0	12	0	0	1
6001000436	23	0	0	12	0	1	0
6001000437	57	1	0	12	0	1	0
6001000438	71	1	0	12	0	1	0
6001000439	18	1	0	12	0	0	1
6001000440	21	1	0	12	0	1	0
6001000441	19	0	0	12	0	1	0
6001000442	50	0	0	12	0	1	0
6001000443	23	1	0	12	0	1	0
6001000444	20	1	0	12	0	0	1
6001000445	62	1	0	12	0	1	0
6001000446	22	1	0	12	0	0	1
6001000447	90	1	0	12	0	1	0
6001000448	88	1	0	12	0	1	0
6001000449	88	1	0	12	0	1	0
6001000450	19	0	0	12	0	1	0
6001000451	22	0	0	12	0	1	0
6001000452	69	1	0	12	0	1	0
6001000453	82	0	0	11	0	1	0
6001000454	67	0	0	11	0	1	0
6001000455	22	0	0	11	0	1	0
6001000456	23	0	0	11	0	1	0
6001000457	53	0	0	11	0	1	0
6001000458	93	1	0	11	0	1	0
6001000459	93	1	0	11	0	1	0
6001000460	82	1	0	11	0	1	0
6001000461	56	0	0	11	0	1	0
6001000462	70	1	0	11	0	1	0
6001000463	54	0	0	11	0	1	0
6001000464	51	1	0	11	0	1	0
6001000465	26	0	0	11	0	1	0
6001000466	26	0	0	11	0	1	0
6001000467	56	0	0	11	0	1	0
6001000468	22	0	0	11	0	1	0
6001000469	55	0	0	11	0	1	0
6001000470	23	0	0	11	0	1	0
6001000471	59	0	0	11	0	1	0
6001000472	91	1	0	11	0	1	0
6001000473	69	1	0	11	0	1	0
6001000474	23	1	0	10	0	1	0
6001000475	18	0	0	10	0	1	0
6001000476	65	0	0	10	0	1	0
6001000477	52	1	0	10	0	1	0
6001000478	44	1	0	10	0	1	0
6001000479	45	1	0	10	0	1	0
6001000480	59	1	0	10	0	1	0
6001000481	21	0	0	10	0	1	0
6001000482	19	1	0	10	0	1	0
6001000483	69	0	0	10	0	1	0
6001000484	24	1	0	10	0	1	0
6001000485	63	0	0	10	0	1	0
6001000486	67	1	0	10	0	1	0
6001000487	52	1	0	10	0	1	0
6001000488	42	1	0	10	0	1	0
6001000489	20	0	0	10	0	1	0
6001000490	13	1	0	9	0	1	0
6001000491	43	0	0	9	0	1	0
6001000492	31	1	0	9	0	1	0
6001000493	57	1	0	9	0	1	0
6001000494	42	0	0	9	0	1	0
6001000495	44	1	0	9	0	1	0
6001000496	72	0	0	9	0	1	0
6001000497	86	0	0	9	0	1	0
6001000498	70	0	0	9	0	1	0
6001000499	88	0	0	8	0	1	0
6001000500	82	0	0	8	0	1	0
6001000501	90	0	0	8	0	1	0
6001000502	86	0	0	8	0	1	0
6001000503	104	1	0	8	0	1	0
6001000504	89	1	0	8	0	1	0
6001000505	35	1	0	8	0	1	0
6001000506	1	0	0	8	0	1	0
6001000507	47	0	0	8	0	1	0
6001000508	26	1	0	8	0	1	0
6001000509	74	1	0	8	0	1	0
6001000510	73	0	0	7	0	1	0
6001000511	23	0	0	7	0	1	0
6001000512	58	1	0	7	0	1	0
6001000513	57	1	0	7	0	1	0
6001000514	81	1	0	17	0	1	0
6001000515	88	1	0	6	0	1	0
6001000516	87	1	0	5	0	1	0
6001000517	42	0	0	5	0	1	0
6001000518	83	0	0	4	0	1	0
6001000519	63	0	0	4	0	1	0
6001000520	31	1	0	4	0	1	0
6001000521	70	0	0	4	0	1	0
6001000522	72	1	0	3	0	1	0
6001000523	57	0	0	3	0	1	0
6001000524	52	1	0	3	0	1	0
6001000525	82	1	0	3	0	1	0
6001000526	92	1	0	3	0	1	0
6001000527	70	0	0	2	0	1	0
6001000528	71	0	0	3	0	1	0
6001000529	71	1	0	2	0	1	0
6001000530	81	0	0	2	0	1	0
6001000531	51	1	0	1	0	1	0
6001000532	88	1	0	1	0	1	0
6001000533	34	1	0	1	0	1	0
6001000534	64	1	0	1	0	1	0
6001000535	57	0	0	1	0	1	0
6002000001	22	0	0	25	0	1	0
6002000002	40	0	0	25	1	0	0
6002000003	24	1	0	25	0	1	0
6002000004	50	0	1	23	0	1	0
6002000005	45	1	1	23	0	1	0
6002000006	27	0	0	22	0	1	0
6002000007	51	1	0	22	0	1	0
6002000008	32	1	0	22	0	0	1
6002000009	43	0	0	20	0	1	0
6002000010	84	1	1	20	0	1	0
6002000011	47	1	1	20	0	1	0
6002000012	22	0	0	19	0	1	0
6002000013	53	0	1	17	0	1	0
6002000014	19	0	1	16	0	1	0
6002000015	62	0	1	15	0	1	0
6002000016	22	1	1	15	0	0	1
6002000017	60	0	0	13	0	1	0
6002000018	43	0	1	12	0	0	1
6002000019	59	1	0	3	0	1	0
6003000001	.	0	0	21	0	1	0
6003000002	.	1	0	16	0	1	0
6003000003	.	1	0	16	0	1	0
6003000004	.	1	0	15	0	1	0
6003000005	.	1	0	14	0	1	0
6003000006	.	1	0	14	0	1	0
6003000007	.	1	0	7	0	1	0
6004000001	.	1	0	24	0	1	0
6004000002	.	1	0	23	0	1	0
6004000003	.	0	0	22	0	1	0
6004000004	.	1	0	22	0	1	0
6004000005	.	1	0	20	0	1	0
6004000006	.	0	0	22	0	1	0
6004000007	.	0	0	20	0	1	0
6004000008	.	0	0	20	0	1	0
6004000009	.	1	0	20	0	1	0
6004000010	.	0	0	21	0	1	0
6004000011	.	0	0	19	0	1	0
6004000012	.	1	0	18	0	1	0
6004000013	.	1	0	18	0	1	0
6004000014	.	0	0	18	0	1	0
6004000015	.	0	0	18	0	1	0
6004000016	.	1	0	18	0	1	0
6004000017	.	1	0	18	0	1	0
6004000018	.	1	0	18	0	1	0
6004000019	.	0	0	18	0	1	0
6004000020	.	1	0	18	0	1	0
6004000021	.	0	0	17	0	1	0
6004000022	.	1	0	17	0	1	0
6004000023	.	0	0	17	0	1	0
6004000024	.	0	0	17	0	1	0
6004000025	.	0	0	17	0	1	0
6004000026	.	1	0	17	0	1	0
6004000027	.	0	0	16	0	1	0
6004000028	.	0	0	16	0	1	0
6004000029	.	1	0	16	0	1	0
6004000030	.	0	0	16	0	1	0
6004000031	.	1	0	16	0	1	0
6004000032	.	0	0	16	0	1	0
6004000033	.	0	0	15	0	1	0
6004000034	.	1	0	15	0	1	0
6004000035	.	0	0	15	0	1	0
6004000036	.	0	0	15	0	1	0
6004000037	.	0	0	15	0	1	0
6004000038	.	0	0	15	0	1	0
6004000039	.	0	0	15	0	1	0
6004000040	.	0	0	15	0	1	0
6004000041	.	0	0	15	0	1	0
6004000042	.	0	0	15	0	1	0
6004000043	.	1	0	15	0	1	0
6004000044	.	1	0	14	0	1	0
6004000045	.	1	0	14	0	1	0
6004000046	.	0	0	14	0	1	0
6004000047	.	1	0	14	0	1	0
6004000048	.	0	0	14	0	1	0
6004000049	.	1	0	13	0	1	0
6004000050	.	0	0	16	0	1	0
6004000051	.	0	0	12	0	1	0
6004000052	.	0	0	16	0	1	0
6004000053	.	0	0	9	0	1	0
6004000054	.	0	0	7	0	1	0
6004000055	.	0	0	7	0	1	0
6004000056	.	1	0	7	0	1	0
6004000057	.	0	0	5	0	1	0
6004000058	.	0	0	2	0	1	0
6004000059	.	1	0	2	0	1	0
6005000001	.	0	0	25	0	1	0
6005000002	.	0	0	25	0	1	0
6005000003	.	1	0	23	0	1	0
6005000004	.	1	0	21	0	1	0
6005000005	.	0	0	19	0	1	0
6005000006	.	1	0	15	0	1	0
6006000001	40	0	0	25	0	1	0
6006000002	41	0	0	21	0	1	0
6006000003	44	0	0	20	0	1	0
6006000004	29	1	0	19	0	1	0
6006000005	61	0	0	19	0	1	0
6006000006	60	0	0	18	0	1	0
6006000007	31	0	0	18	0	1	0
6006000008	60	0	0	16	0	1	0
6006000009	26	0	0	18	0	1	0
6006000010	54	0	0	16	0	1	0
6006000011	44	0	0	16	0	1	0
6006000012	50	0	0	16	0	1	0
6006000013	29	0	0	15	0	1	0
6006000014	24	1	0	15	0	1	0
6006000015	20	0	0	15	0	1	0
6006000016	57	1	0	13	0	1	0
6006000017	27	1	0	13	0	1	0
6006000018	23	0	0	13	0	1	0
6006000019	58	1	0	12	0	1	0
6006000020	60	1	0	12	0	1	0
6006000021	73	1	0	10	0	1	0
6007000001	60	0	0	26	0	1	0
6007000002	62	1	1	26	0	1	0
6007000003	.	.	0	24	0	1	0
6007000004	.	0	0	12	0	1	0
6008000001	.	.	0	.	0	1	0
6008000002	.	.	0	.	0	1	0
6008000003	.	.	0	.	0	1	0
6008000004	.	.	0	.	0	1	0
6008000005	.	.	0	.	0	1	0
6008000006	.	.	0	.	0	1	0
6008000007	.	.	0	.	0	1	0
6008000008	.	.	0	.	0	1	0
6008000009	.	.	0	.	0	1	0
6008000010	.	.	0	.	0	1	0
6008000011	.	.	0	.	0	1	0
6008000012	.	.	0	.	0	1	0
6008000013	.	.	0	.	0	1	0
6008000014	.	.	0	.	0	1	0
6008000015	.	.	0	.	0	1	0
6008000016	.	.	0	.	0	1	0
6008000017	.	.	0	.	0	1	0
6008000018	.	.	0	.	0	1	0
6008000019	.	.	0	.	0	1	0
6008000020	.	.	0	.	0	1	0
6008000021	.	.	0	.	0	1	0
6008000022	.	.	0	.	0	1	0
6008000023	.	.	0	.	0	1	0
6008000024	.	.	0	.	0	1	0
6008000025	.	.	0	.	0	1	0
6008000026	.	.	0	.	0	1	0
6008000027	.	.	0	.	0	1	0
6008000028	.	.	0	.	0	1	0
6008000029	.	.	0	.	0	1	0
6008000030	.	.	0	.	0	1	0
6008000031	.	.	0	.	0	1	0
6008000032	.	.	0	.	0	1	0
6008000033	.	.	0	.	0	1	0
6008000034	.	.	0	.	0	1	0
6008000035	.	.	0	.	0	1	0
6008000036	.	.	0	.	0	1	0
6008000037	.	.	0	.	0	1	0
6008000038	.	.	0	.	0	1	0
6008000039	.	.	0	.	0	1	0
6008000040	.	.	0	.	0	1	0
6008000041	.	.	0	.	0	1	0
6008000042	.	.	0	.	0	1	0
6008000043	.	.	0	.	0	1	0
6008000044	.	.	0	.	0	1	0
6008000045	.	.	0	.	0	1	0
6008000046	.	.	0	.	0	1	0
6008000047	.	.	0	.	0	1	0
6008000048	.	.	0	.	0	1	0
6008000049	.	.	0	.	0	1	0
6008000050	.	.	0	.	0	1	0
6008000051	.	.	0	.	0	1	0
6008000052	.	.	0	.	0	1	0
6008000053	.	.	0	.	0	1	0
6008000054	.	.	0	.	0	1	0
6008000055	.	.	0	.	0	1	0
6008000056	.	.	0	.	0	1	0
6008000057	.	.	0	.	0	1	0
6008000058	.	.	0	.	0	1	0
6008000059	.	.	0	.	0	1	0
6008000060	.	.	0	.	0	1	0
6009000001	22	1	0	27	0	1	0
6009000002	48	1	0	24	0	1	0
6009000003	60	0	0	23	0	1	0
6009000004	37	1	0	22	0	1	0
6009000005	49	1	0	21	0	1	0
6009000006	61	1	1	21	0	1	0
6009000007	72	0	0	21	0	1	0
6009000008	64	1	1	21	0	1	0
6009000009	35	0	0	21	0	1	0
6009000010	37	0	1	21	0	1	0
6009000011	5	0	1	21	0	1	0
6009000012	3	0	1	21	0	1	0
6009000013	82	0	0	21	0	1	0
6009000014	55	1	0	18	0	1	0
6009000015	55	0	1	15	0	1	0
6010000001	.	1	0	21	0	1	0
6010000002	.	1	0	21	0	1	0
6010000003	.	1	0	21	0	1	0
6010000004	.	1	0	21	0	1	0
6010000005	.	1	0	20	0	1	0
6010000006	.	1	0	20	0	1	0
6010000007	.	1	0	19	0	1	0
6010000008	.	0	0	19	0	1	0
6010000009	.	1	0	19	0	1	0
6010000010	.	1	0	19	0	1	0
6010000011	.	1	0	19	0	1	0
6010000012	.	0	0	18	0	1	0
6010000013	.	0	0	17	0	1	0
6010000014	.	0	0	14	0	1	0
6010000015	.	1	0	14	0	1	0
6010000016	.	1	0	14	0	1	0
6010000017	.	1	0	14	0	1	0
6010000018	.	1	0	13	0	1	0
6010000019	.	0	0	7	0	1	0
6010000020	.	0	0	4	0	1	0
6011000001	.	.	0	.	0	1	0
6011000002	.	.	0	.	0	1	0
6011000003	.	.	0	.	0	1	0
6011000004	.	.	0	.	0	1	0
6011000005	.	.	0	.	0	1	0
6011000006	.	.	0	.	0	1	0
6011000007	.	.	0	.	0	1	0
6011000008	.	.	0	.	0	1	0
6011000009	.	.	0	.	0	1	0
6011000010	.	.	0	.	0	1	0
6011000011	.	.	0	.	0	1	0
6011000012	.	.	0	.	0	1	0
6011000013	.	.	0	.	0	1	0
6011000014	.	.	0	.	0	1	0
6011000015	.	.	0	.	0	1	0
6011000016	.	.	0	.	0	1	0
6011000017	.	.	0	.	0	1	0
6011000018	.	.	0	.	0	1	0
6011000019	.	.	0	.	0	1	0
6011000020	.	.	0	.	0	1	0
6011000021	.	.	0	.	0	1	0
6011000022	.	.	0	.	0	1	0
6011000023	.	.	0	.	0	1	0
6011000024	.	.	0	.	0	1	0
6011000025	.	.	0	.	0	1	0
6011000026	.	.	0	.	0	1	0
6011000027	.	.	0	.	0	1	0
6011000028	.	.	0	.	0	1	0
6011000029	.	.	0	.	0	1	0
6011000030	.	.	0	.	0	1	0
6011000031	.	.	0	.	0	1	0
6011000032	.	.	0	.	0	1	0
6011000033	.	.	0	.	0	1	0
6011000034	.	.	0	.	0	1	0
6011000035	.	.	0	.	0	1	0
6011000036	.	.	0	.	0	1	0
6011000037	.	.	0	.	0	1	0
6011000038	.	.	0	.	0	1	0
6011000039	.	.	0	.	0	1	0
6011000040	.	.	0	.	0	1	0
6011000041	.	.	0	.	0	1	0
6011000042	.	.	0	.	0	1	0
6011000043	.	.	0	.	0	1	0
6011000044	.	.	0	.	0	1	0
6011000045	.	.	0	.	0	1	0
6011000046	.	.	0	.	0	1	0
6011000047	.	.	0	.	0	1	0
6012000001	.	.	0	.	0	1	0
6012000002	.	.	0	.	0	1	0
6013000001	.	.	0	.	0	1	0
6014000001	61	1	0	25	0	1	0
6014000002	22	0	0	23	0	1	0
6014000003	24	1	0	20	0	1	0
6014000004	43	0	0	18	0	1	0
6014000005	65	0	0	8	0	1	0
6015000001	.	0	0	29	0	0	1
6015000002	.	1	0	29	0	0	1
6015000003	.	1	0	28	0	0	1
6015000004	.	0	0	28	0	1	0
6015000005	.	1	0	27	0	1	0
6015000006	.	1	0	26	0	1	0
6015000007	.	0	0	26	0	1	0
6015000008	.	1	0	24	0	1	0
6015000009	.	0	0	24	0	1	0
6015000010	.	1	0	24	0	1	0
6015000011	.	1	0	24	0	1	0
6015000012	.	0	0	23	0	1	0
6015000013	.	0	0	22	0	1	0
6015000014	.	1	0	22	0	1	0
6015000015	.	1	1	22	0	0	1
6015000016	.	1	0	22	0	0	1
6015000017	.	0	1	21	0	1	0
6015000018	.	1	0	21	0	1	0
6015000019	.	1	1	21	0	1	0
6015000020	.	0	0	21	0	0	1
6015000021	.	0	0	21	0	1	0
6015000022	.	1	0	20	0	1	0
6015000023	.	0	0	20	0	1	0
6015000024	.	0	0	20	0	1	0
6015000025	.	0	0	20	0	1	0
6015000026	.	0	0	20	0	1	0
6015000027	.	1	0	19	0	0	1
6015000028	.	1	0	17	0	1	0
6015000029	.	1	0	17	0	1	0
6015000030	.	0	0	16	0	1	0
6015000031	.	0	0	15	0	1	0
6015000032	.	1	0	15	0	1	0
6015000033	.	0	0	13	0	1	0
6015000034	.	1	0	13	0	1	0
6015000035	.	0	0	12	1	0	0
6015000036	.	1	0	12	0	1	0
6016000001	.	1	0	26	0	0	1
6016000002	.	0	0	23	0	1	0
6016000003	.	0	0	17	0	0	1
6016000004	.	1	0	14	0	1	0
6016000005	.	0	0	14	0	1	0
6016000006	.	0	0	12	0	1	0
6016000007	.	.	0	.	0	1	0
6016000008	.	.	0	.	0	1	0
6016000009	.	.	0	.	0	1	0
6016000010	.	.	0	.	0	1	0
6016000011	.	.	0	.	0	1	0
6016000012	.	.	0	.	0	1	0
6016000013	.	.	0	.	0	1	0
6016000014	.	.	0	.	0	1	0
6016000015	.	.	0	.	0	1	0
6016000016	.	.	0	.	0	1	0
6016000017	.	.	0	.	0	1	0
6016000018	.	.	0	.	0	1	0
6016000019	.	.	0	.	0	1	0
6016000020	.	.	0	.	0	1	0
6016000021	.	.	0	.	0	1	0
6016000022	.	.	0	.	0	1	0
6016000023	.	.	0	.	0	1	0
6016000024	.	.	0	.	0	1	0
6016000025	.	.	0	.	0	1	0
6016000026	.	.	0	.	0	1	0
6016000027	.	.	0	.	0	1	0
6016000028	.	.	0	.	0	1	0
6016000029	.	.	0	.	0	1	0
6016000030	.	.	0	.	0	1	0
6016000031	.	.	0	.	0	1	0
6016000032	.	.	0	.	0	1	0
6016000033	.	.	0	.	0	1	0
6016000034	.	.	0	.	0	1	0
6016000035	.	.	0	.	1	0	0
6016000036	.	.	0	.	0	1	0
6019000001	53	1	0	25	0	1	0
6019000002	76	1	0	25	0	1	0
6019000003	59	1	0	25	0	1	0
6019000004	58	1	0	25	0	1	0
6019000005	73	0	0	25	0	1	0
6019000006	59	0	0	25	0	1	0
6019000007	68	0	0	25	0	1	0
6019000008	56	1	0	25	0	1	0
6019000009	51	1	0	25	0	1	0
6019000010	67	0	0	24	0	1	0
6019000011	55	1	0	24	0	1	0
6019000012	77	1	0	24	0	1	0
6019000013	60	1	0	24	0	1	0
6019000014	61	1	0	24	0	1	0
6019000015	60	1	0	24	0	1	0
6019000016	69	1	0	24	0	1	0
6019000017	65	1	0	24	0	1	0
6019000018	57	1	0	24	0	1	0
6019000019	69	1	0	24	0	1	0
6019000020	29	0	0	23	0	1	0
6019000021	27	0	0	22	0	1	0
6019000022	69	1	0	22	0	1	0
6019000023	87	1	0	22	0	1	0
6019000024	85	0	0	22	0	1	0
6019000025	71	1	0	22	0	1	0
6019000026	76	0	0	22	0	1	0
6019000027	83	1	0	21	0	1	0
6019000028	63	0	0	21	0	1	0
6019000029	72	1	0	21	0	1	0
6019000030	73	1	0	20	0	1	0
6019000031	78	1	0	20	0	1	0
6019000032	69	1	0	20	0	1	0
6019000033	81	1	0	20	0	1	0
6019000034	87	0	0	20	0	1	0
6019000035	85	1	0	19	0	1	0
6019000036	30	0	0	18	0	1	0
6019000037	77	0	0	18	0	1	0
6019000038	79	1	0	14	0	1	0
6019000039	72	0	0	13	0	1	0
6019000040	67	0	0	4	0	1	0
6020000001	.	0	0	27	0	1	0
6020000002	.	0	0	27	0	1	0
6020000003	.	0	0	27	0	1	0
6020000004	.	0	0	27	0	1	0
6020000005	.	0	0	27	0	1	0
6020000006	.	0	0	26	0	1	0
6020000007	.	1	0	26	0	1	0
6020000008	.	1	0	26	0	1	0
6020000009	.	0	0	26	0	1	0
6020000010	.	1	0	24	0	1	0
6020000011	.	1	0	23	0	1	0
6020000012	.	1	0	22	0	1	0
6020000013	.	0	0	22	0	1	0
6020000014	.	1	0	22	0	1	0
6020000015	.	1	0	22	0	1	0
6020000016	.	0	0	22	0	1	0
6020000017	.	0	0	21	0	1	0
6020000018	.	1	0	21	0	1	0
6020000019	.	1	0	21	0	1	0
6020000020	.	1	0	19	0	1	0
6020000021	.	1	0	19	0	1	0
6020000022	.	1	0	19	0	1	0
6020000023	.	1	0	21	0	1	0
6020000024	.	1	0	21	0	1	0
6020000025	.	1	0	19	0	1	0
6020000026	.	1	0	18	0	1	0
6020000027	.	0	0	17	0	1	0
6020000028	.	0	0	17	0	1	0
6020000029	.	0	0	15	0	1	0
6020000030	.	1	0	13	0	1	0
6020000031	.	1	0	12	0	1	0
6020000032	.	1	0	11	0	1	0
6020000033	.	0	0	10	0	1	0
6020000034	.	1	0	9	0	1	0
6020000035	.	1	0	7	0	1	0
6020000036	.	1	0	5	0	1	0
6020100054	57	0	0	28	1	0	0
6020100055	59	0	0	28	1	0	0
6020100104	63	0	0	27	1	0	0
6020100107	67	0	0	26	1	0	0
6020100205	55	1	0	25	1	0	0
6020100286	62	0	0	25	1	0	0
6020100298	58	0	0	25	1	0	0
6021000001	27	0	0	23	0	1	0
6021000002	21	0	0	21	0	1	0
6022000001	56	0	0	24	0	0	1
6022000002	35	0	0	23	0	0	1
6022000003	25	0	0	23	0	0	1
6022000004	55	0	0	23	0	0	1
6022000005	56	0	0	23	0	1	0
6022000006	40	0	0	22	0	1	0
6022000007	37	0	0	22	0	1	0
6022000008	58	0	0	22	0	0	1
6022000009	56	1	0	22	0	0	1
6022000010	51	1	0	22	0	1	0
6022000011	47	0	0	22	0	1	0
6022000012	37	0	0	22	0	0	1
6022000013	66	0	0	22	0	1	0
6022000014	65	0	0	22	0	1	0
6022000015	37	0	0	22	0	1	0
6022000016	25	1	0	22	0	1	0
6022000017	47	1	0	22	0	1	0
6022000018	37	0	0	22	0	1	0
6022000019	23	1	0	22	0	1	0
6022000020	30	0	0	22	0	1	0
6022000021	47	1	0	22	0	1	0
6022000022	36	0	0	22	0	1	0
6022000023	22	0	0	22	0	1	0
6022000024	42	0	0	21	0	1	0
6022000025	53	1	0	20	0	0	1
6022000026	57	1	0	20	0	1	0
6022000027	69	0	0	19	0	1	0
6022000028	46	0	0	19	0	0	1
6022000029	62	1	0	18	0	1	0
6022000030	25	0	0	18	0	0	1
6022000031	19	0	0	18	0	1	0
6022000032	25	0	0	18	0	1	0
6022000033	56	1	0	17	0	1	0
6022000034	20	1	0	17	0	1	0
6022000035	19	0	0	17	0	1	0
6022000036	22	1	0	17	0	1	0
6022000037	47	1	0	17	0	1	0
6022000038	52	1	0	16	0	1	0
6022000039	21	0	0	15	0	0	1
6022000040	54	0	0	15	0	1	0
6022000041	24	0	0	15	0	1	0
6022000042	51	0	0	15	0	1	0
6022000043	69	0	0	15	0	1	0
6022000044	29	0	0	15	0	1	0
6022000045	58	0	0	13	0	1	0
6022000046	64	1	0	13	0	1	0
6022000047	65	0	0	13	0	1	0
6022000048	64	0	0	12	0	1	0
6022000049	87	1	0	3	0	1	0
6023000001	.	1	0	26	0	1	0
6023000002	.	1	0	25	0	1	0
6023000003	.	0	0	25	0	1	0
6023000004	.	1	0	25	0	1	0
6023000005	.	0	0	25	0	1	0
6023000006	.	0	0	24	0	1	0
6023000007	.	1	1	24	0	1	0
6023000008	.	1	0	24	0	1	0
6023000009	.	1	0	24	0	1	0
6023000010	.	1	1	24	0	1	0
6023000011	.	1	0	23	0	1	0
6023000012	.	1	1	23	0	1	0
6023000013	.	1	0	22	0	1	0
6023000014	.	0	0	21	0	1	0
6023000015	.	0	0	21	0	1	0
6023000016	.	0	0	21	0	1	0
6023000017	.	0	0	20	0	1	0
6023000018	.	0	0	20	0	1	0
6023000019	.	1	0	19	0	1	0
6023000020	.	0	0	19	0	1	0
6023000021	.	1	0	18	0	1	0
6023000022	.	0	0	18	0	1	0
6023000023	.	0	0	18	0	1	0
6023000024	.	0	1	18	0	1	0
6023000025	.	1	1	18	0	1	0
6023000026	.	1	1	18	0	1	0
6023000027	.	0	0	16	0	1	0
6023000028	.	1	0	16	0	1	0
6023000029	.	1	0	16	0	1	0
6023000030	.	1	0	15	0	1	0
6023000031	.	1	0	14	0	1	0
6023000032	.	0	0	14	0	1	0
6023000033	.	1	1	13	0	1	0
6023000034	.	1	1	13	0	1	0
6023000035	.	1	1	13	0	1	0
6023000036	.	1	0	13	0	1	0
6023000037	.	0	0	13	0	1	0
6023000038	.	1	1	12	0	1	0
6023000039	.	0	0	12	0	1	0
6023000040	.	1	1	12	0	1	0
6023000041	.	1	0	12	0	1	0
6023000042	.	0	0	12	0	1	0
6023000043	.	1	0	11	0	1	0
6023000044	.	0	0	10	0	1	0
6023000045	.	0	0	10	0	1	0
6023000046	.	1	1	9	0	1	0
6023000047	.	1	1	9	0	1	0
6118000001	24	0	0	27	0	0	1
6118000002	72	0	0	27	0	1	0
6111000003	19	1	0	27	0	0	1
6111000004	14	0	0	26	0	0	1
6113000005	47	0	1	25	0	1	0
6111000006	40	1	0	25	0	0	1
6113000007	21	0	0	25	0	1	0
6109000008	70	0	1	.	0	1	0
6101000009	33	1	0	24	0	0	1
6113000010	20	1	0	24	0	1	0
6117000011	26	0	0	24	0	1	0
6113000012	49	0	1	24	0	1	0
6103000013	77	1	0	24	0	0	1
6113000014	34	0	0	24	0	0	1
6104000015	29	1	0	24	0	1	0
6111000016	34	0	0	24	0	0	1
6109000017	29	1	0	24	0	0	1
6118000018	39	1	0	23	0	1	0
6118000019	20	1	0	23	0	1	0
6118000020	65	1	0	23	0	1	0
6118000021	72	0	1	23	0	0	1
6104000022	51	1	0	23	0	0	1
6113000023	67	0	0	23	0	1	0
6105000024	31	0	0	22	0	1	0
6113000025	48	0	0	22	0	0	1
6113000026	34	0	0	22	0	1	0
6101000027	21	1	0	22	0	1	0
6113000028	22	1	0	22	0	1	0
6113000029	16	0	0	21	0	1	0
6113000030	21	0	0	21	0	0	1
6100000031	.	.	0	21	0	1	0
6100000032	.	.	0	21	0	1	0
6100000033	.	.	0	21	0	1	0
6102000034	20	1	1	21	0	1	0
6102000035	45	1	1	21	0	0	1
6102000036	66	1	1	21	0	1	0
6113000037	53	1	1	21	0	0	1
6112000038	59	1	0	21	0	1	0
6104000039	65	1	0	21	0	0	1
6113000040	56	0	1	21	0	1	0
6106000041	35	0	1	21	0	0	1
6113000042	41	0	1	21	0	1	0
6104000043	24	0	0	21	0	0	1
6113000044	44	1	1	20	0	0	1
6113000045	42	1	0	20	0	0	1
6104000046	59	1	0	20	0	1	0
6102000047	49	0	0	20	0	1	0
6102000048	45	1	0	20	0	1	0
6106000049	64	1	0	19	0	0	1
6106000050	5	0	0	19	0	0	1
6112000051	61	1	0	19	0	0	1
6102000052	69	1	0	19	0	0	1
6101000053	57	0	0	19	0	1	0
6102000054	69	0	0	19	0	1	0
6106000055	20	1	0	19	0	1	0
6112000056	30	0	0	19	0	1	0
6102000057	65	0	0	19	0	1	0
6102000058	55	0	0	19	0	1	0
6102000059	54	1	0	19	0	1	0
6104000060	54	0	0	19	0	1	0
6112000061	30	0	0	18	0	1	0
6113000062	21	1	0	17	0	0	1
6103000063	20	1	0	17	0	1	0
6102000064	21	1	0	16	0	0	1
6101000065	58	1	0	15	0	1	0
6102000066	62	1	0	15	0	1	0
6102000067	60	0	0	14	0	1	0
6102000068	63	1	0	14	0	1	0
6102000069	60	1	0	14	0	1	0
6100000070	24	0	0	14	0	0	1
6112000071	16	1	0	14	0	1	0
6112000072	66	1	0	14	0	1	0
6106000073	63	0	0	14	0	1	0
6113000074	37	1	0	14	0	1	0
6113000075	6	0	0	13	0	0	1
6112000076	24	0	0	13	0	1	0
6102000077	76	1	0	13	0	1	0
6113000078	45	1	0	13	0	1	0
6112000079	26	0	0	12	0	1	0
6102000080	51	1	0	12	0	0	1
6102000081	73	1	0	12	0	1	0
6102000082	57	0	0	11	0	0	1
6101000083	28	0	0	8	0	0	1
6101000084	49	0	0	7	0	1	0
6100000085	30	0	0	2	.	.	.
7000000001	22	0	0	27	0	1	0
7000000002	22	1	0	25	0	0	1
7000000003	48	1	0	16	0	0	1
7000000004	46	0	0	14	0	1	0
